105530:   ./a.out 2
         Address Perm   Offset Device  Inode Size  Rss  Pss Referenced Anonymous LazyFree ShmemPmdMapped FilePmdMapped Shared_Hugetlb Private_Hugetlb Swap SwapPss Locked THPeligible ProtectionKey Mapping
    55e162123000 r--p 00000000 103:01 518415    4    4    4          4         0        0              0             0              0               0    0       0      0           0             0 a.out
    55e162124000 r-xp 00001000 103:01 518415    4    4    4          4         0        0              0             0              0               0    0       0      0           0             0 a.out
    55e162125000 r--p 00002000 103:01 518415    4    4    4          4         0        0              0             0              0               0    0       0      0           0             0 a.out
    55e162126000 r--p 00002000 103:01 518415    4    4    4          4         4        0              0             0              0               0    0       0      0           0             0 a.out
    55e162127000 rw-p 00003000 103:01 518415    4    4    4          4         4        0              0             0              0               0    0       0      0           0             0 a.out
    55e163e77000 rw-p 00000000  00:00      0  132    4    4          4         4        0              0             0              0               0    0       0      0           0             0 [heap]
    7f9f1b495000 rw-p 00000000  00:00      0 1968 1964 1964       1964      1964        0              0             0              0               0    0       0      0           0             0 
    7f9f1b681000 r--p 00000000 103:01  30185  160  160    3        160         0        0              0             0              0               0    0       0      0           0             0 libc.so.6
    7f9f1b6a9000 r-xp 00028000 103:01  30185 1620 1044   26       1044         0        0              0             0              0               0    0       0      0           0             0 libc.so.6
    7f9f1b83e000 r--p 001bd000 103:01  30185  352  128    2        128         0        0              0             0              0               0    0       0      0           0             0 libc.so.6
    7f9f1b896000 r--p 00214000 103:01  30185   16   16   16         16        16        0              0             0              0               0    0       0      0           0             0 libc.so.6
    7f9f1b89a000 rw-p 00218000 103:01  30185    8    8    8          8         8        0              0             0              0               0    0       0      0           0             0 libc.so.6
    7f9f1b89c000 rw-p 00000000  00:00      0   52   20   20         20        20        0              0             0              0               0    0       0      0           0             0 
    7f9f1b8af000 rw-p 00000000  00:00      0    8    4    4          4         4        0              0             0              0               0    0       0      0           0             0 
    7f9f1b8b1000 r--p 00000000 103:01  30179    8    8    0          8         0        0              0             0              0               0    0       0      0           0             0 ld-linux-x86-64.so.2
    7f9f1b8b3000 r-xp 00002000 103:01  30179  168  168    3        168         0        0              0             0              0               0    0       0      0           0             0 ld-linux-x86-64.so.2
    7f9f1b8dd000 r--p 0002c000 103:01  30179   44   44    1         44         0        0              0             0              0               0    0       0      0           0             0 ld-linux-x86-64.so.2
    7f9f1b8e9000 r--p 00037000 103:01  30179    8    8    8          4         8        0              0             0              0               0    0       0      0           0             0 ld-linux-x86-64.so.2
    7f9f1b8eb000 rw-p 00039000 103:01  30179    8    8    8          4         8        0              0             0              0               0    0       0      0           0             0 ld-linux-x86-64.so.2
    7fffda435000 rw-p 00000000  00:00      0  132   12   12         12        12        0              0             0              0               0    0       0      0           0             0 [stack]
    7fffda48d000 r--p 00000000  00:00      0   16    0    0          0         0        0              0             0              0               0    0       0      0           0             0 [vvar]
    7fffda491000 r-xp 00000000  00:00      0    8    4    0          4         0        0              0             0              0               0    0       0      0           0             0 [vdso]
ffffffffff600000 --xp 00000000  00:00      0    4    0    0          0         0        0              0             0              0               0    0       0      0           0             0 [vsyscall]
                                             ==== ==== ==== ========== ========= ======== ============== ============= ============== =============== ==== ======= ====== =========== ============= 
                                             4732 3620 2099       3612      2052        0              0             0              0               0    0       0      0           0             0 KB 
