105516:   ./a.out 200
         Address Perm   Offset Device  Inode   Size    Rss    Pss Referenced Anonymous LazyFree ShmemPmdMapped FilePmdMapped Shared_Hugetlb Private_Hugetlb Swap SwapPss Locked THPeligible ProtectionKey Mapping
    561cbe8b5000 r--p 00000000 103:01 518415      4      0      0          0         0        0              0             0              0               0    0       0      0           0             0 a.out
    561cbe8b6000 r-xp 00001000 103:01 518415      4      4      4          4         0        0              0             0              0               0    0       0      0           0             0 a.out
    561cbe8b7000 r--p 00002000 103:01 518415      4      0      0          0         0        0              0             0              0               0    0       0      0           0             0 a.out
    561cbe8b8000 r--p 00002000 103:01 518415      4      4      4          4         4        0              0             0              0               0    0       0      0           0             0 a.out
    561cbe8b9000 rw-p 00003000 103:01 518415      4      4      4          4         4        0              0             0              0               0    0       0      0           0             0 a.out
    561cbefff000 rw-p 00000000  00:00      0    132      4      4          4         4        0              0             0              0               0    0       0      0           0             0 [heap]
    7eff9838e000 rw-p 00000000  00:00      0 195328 195324 195324     195324    195324        0              0             0              0               0    0       0      0           0             0 
    7effa424e000 r--p 00000000 103:01  30185    160    160      3        160         0        0              0             0              0               0    0       0      0           0             0 libc.so.6
    7effa4276000 r-xp 00028000 103:01  30185   1620    916     22        916         0        0              0             0              0               0    0       0      0           0             0 libc.so.6
    7effa440b000 r--p 001bd000 103:01  30185    352    148      3        148         0        0              0             0              0               0    0       0      0           0             0 libc.so.6
    7effa4463000 r--p 00214000 103:01  30185     16     16     16         16        16        0              0             0              0               0    0       0      0           0             0 libc.so.6
    7effa4467000 rw-p 00218000 103:01  30185      8      8      8          8         8        0              0             0              0               0    0       0      0           0             0 libc.so.6
    7effa4469000 rw-p 00000000  00:00      0     52     20     20         20        20        0              0             0              0               0    0       0      0           0             0 
    7effa447c000 rw-p 00000000  00:00      0      8      4      4          4         4        0              0             0              0               0    0       0      0           0             0 
    7effa447e000 r--p 00000000 103:01  30179      8      8      0          8         0        0              0             0              0               0    0       0      0           0             0 ld-linux-x86-64.so.2
    7effa4480000 r-xp 00002000 103:01  30179    168    168      3        168         0        0              0             0              0               0    0       0      0           0             0 ld-linux-x86-64.so.2
    7effa44aa000 r--p 0002c000 103:01  30179     44     44      1         44         0        0              0             0              0               0    0       0      0           0             0 ld-linux-x86-64.so.2
    7effa44b6000 r--p 00037000 103:01  30179      8      8      8          8         8        0              0             0              0               0    0       0      0           0             0 ld-linux-x86-64.so.2
    7effa44b8000 rw-p 00039000 103:01  30179      8      8      8          8         8        0              0             0              0               0    0       0      0           0             0 ld-linux-x86-64.so.2
    7fffb81eb000 rw-p 00000000  00:00      0    132     12     12         12        12        0              0             0              0               0    0       0      0           0             0 [stack]
    7fffb833d000 r--p 00000000  00:00      0     16      0      0          0         0        0              0             0              0               0    0       0      0           0             0 [vvar]
    7fffb8341000 r-xp 00000000  00:00      0      8      4      0          4         0        0              0             0              0               0    0       0      0           0             0 [vdso]
ffffffffff600000 --xp 00000000  00:00      0      4      0      0          0         0        0              0             0              0               0    0       0      0           0             0 [vsyscall]
                                             ====== ====== ====== ========== ========= ======== ============== ============= ============== =============== ==== ======= ====== =========== ============= 
                                             198092 196864 195448     196864    195412        0              0             0              0               0    0       0      0           0             0 KB 
